[2, 4]
[5]
[]
[0, 5]
[2, 4]
[2, 3, 4, 8]
[3, 4, 5, 7, 8]
[0, 5, 6, 7, 8, 9, 11]
[0, 5, 6, 7, 8, 11, 12]
[3, 6, 7]
[0, 6, 12, 14]
[1, 4, 6, 9, 12, 14, 15]
[1, 4, 6, 11, 16]
[1, 5, 11, 12, 16]
[0, 1, 6, 8, 9, 11, 14, 16, 18]
[8, 9, 16, 17, 18]
[0, 1, 8, 11, 12, 16, 17, 20]
[1, 3, 12, 17]
[0, 2, 3, 4, 15, 19, 20, 21, 22]
[0, 2, 3, 4, 9, 15, 19, 20, 21, 22, 23]
[0, 4, 8, 10, 11, 12, 13, 15, 19, 20, 21, 22, 24]
[2, 5, 10, 11, 13, 17, 19, 23, 25]
[0, 2, 3, 10, 12, 13, 18, 21, 23, 25, 26]
[1, 2, 9, 11, 12, 15, 18, 22, 25, 27]
[2, 4, 7, 8, 9, 10, 11, 12, 18, 19, 27]
[1, 2, 3, 4, 8, 9, 15, 25, 27]
[1, 2, 3, 4, 9, 10, 11, 15, 19, 21, 27]
[1, 2, 7, 9, 10, 27, 28, 29]
[1, 2, 9, 27, 32]
[2, 4, 8, 10, 11, 15, 19, 28, 30, 32]
[4, 8, 9, 21, 31, 32]
[1, 4, 8, 9, 19, 28, 30, 31, 32, 34]
[8, 19, 20, 27, 28, 30, 34]
[3, 7, 8, 13, 21, 27, 30, 36, 37]
[1, 3, 4, 7, 16, 21, 28, 30, 31, 36, 38]
[1, 3, 7, 9, 10, 11, 13, 17, 28, 31, 36, 37]
[3, 9, 28, 30, 33, 37]
[3, 4, 9, 11, 13, 17, 22, 27, 28, 30, 37, 40]
[1, 3, 4, 7, 11, 17, 24, 28, 38, 39, 40]
[1, 3, 8, 10, 20, 22, 28, 32, 33, 38, 39]
[1, 3, 10, 16, 17, 20, 22, 24, 32, 33, 42, 43, 44]
[1, 3, 13, 16, 17, 18, 22, 24, 27, 28, 35, 36, 37, 39, 42, 44, 45]
[0, 4, 8, 13, 16, 18, 20, 24, 28, 32, 37, 39, 42, 44, 46]
[0, 4, 8, 9, 10, 17, 18, 20, 22, 28, 35, 36, 37, 42, 43, 44]
[3, 4, 8, 9, 20, 24, 33, 36, 37, 42, 43]
[0, 4, 8, 10, 13, 20, 22, 28, 29, 32, 33, 36, 37, 45, 47, 49]
[4, 5, 9, 10, 13, 15, 17, 18, 22, 27, 29, 30, 31, 32, 33, 34, 37, 41, 42, 44, 45, 47]
[0, 3, 4, 8, 9, 11, 13, 15, 17, 21, 22, 28, 29, 31, 32, 34, 38, 39, 42, 50, 51]
[10, 15, 16, 17, 18, 21, 27, 28, 29, 30, 31, 35, 43, 49, 50, 51, 52]
[3, 10, 13, 15, 16, 17, 18, 24, 27, 35, 36, 39, 40, 43, 46, 47, 49, 50, 51, 52, 53]
[5, 7, 10, 15, 22, 27, 30, 33, 34, 36, 39, 40, 46, 48, 51, 53]
[7, 8, 9, 11, 13, 16, 17, 18, 22, 27, 30, 31, 33, 36, 37, 39, 40, 46, 49, 50, 51, 53, 54]
[0, 9, 11, 17, 22, 28, 31, 34, 35, 46, 47, 48, 49, 50, 53, 54, 55, 56]
[0, 4, 5, 13, 17, 29, 30, 33, 37, 39, 47, 48, 49, 50, 53, 56, 57]
[3, 4, 5, 8, 13, 22, 29, 33, 34, 37, 47, 48, 49, 54, 58]
[0, 3, 4, 5, 8, 9, 11, 17, 30, 31, 33, 36, 37, 43, 47, 48, 49, 50, 53, 54, 57, 59]
