[[1, 2, 3, 4], [0, 2, 3, 4], [0, 1, 3, 4], [0, 1, 2, 4], [0, 1, 2, 3]]
[[], [5], [4], [5], [2], [3, 1]]
[[], [6], [], [], [], [6], [1, 5]]
[[7], [], [], [7], [], [], [], [0, 3]]
[[8], [], [], [8], [], [], [], [], [3, 0]]
[[9], [], [4], [9], [2], [], [], [], [], [0, 3]]
[[], [10], [3, 4], [8, 2, 4], [9, 2, 3], [], [], [], [3], [4, 10], [1, 9]]
[[], [11], [], [8, 4, 5, 7], [3], [3], [8], [3], [3, 6], [11], [], [1, 9]]
[[8, 9, 7], [], [], [12], [], [6], [8, 5], [0], [0, 6], [0, 11, 12], [], [9], [3, 9]]
[[8, 7, 13], [], [], [], [13], [6], [8, 5], [8, 0], [0, 6, 7], [], [], [], [], [4, 0]]
[[14], [], [], [7], [], [], [], [3], [], [14], [], [], [], [], [0, 9]]
[[14, 15], [], [], [15], [], [], [], [], [], [], [], [], [], [], [0], [3, 0]]
[[], [4, 6, 16], [], [], [1, 9], [16], [1], [], [], [4, 12, 14], [], [], [9], [], [9], [], [1, 5]]
[[17], [16, 11, 4, 6], [], [17], [1], [], [1], [], [], [], [], [1], [], [], [], [], [1], [0, 3]]
[[], [16, 11, 5], [], [11], [], [16, 1], [], [18], [], [18], [], [1, 3], [], [], [], [], [1, 5], [], [7, 9]]
[[8, 1, 9, 14, 19], [0, 16, 11, 6], [16], [], [], [19], [8, 1], [], [0, 6], [0, 18, 11, 14], [], [1, 9], [], [], [0, 9], [], [1, 2], [], [9], [5, 0]]
[[20], [], [], [], [20], [], [], [], [], [18], [], [], [], [], [], [], [], [], [9], [], [0, 4]]
[[8, 1, 20, 17], [0, 16, 11], [], [], [], [21], [], [], [0], [21], [], [1], [], [], [], [], [1], [0], [], [], [0], [5, 9]]
[[], [3], [], [1, 12, 17], [22], [], [], [], [], [22], [], [], [3], [], [], [], [], [3], [], [], [], [], [4, 9]]
[[2, 3, 4, 15, 19, 20], [23], [0, 3, 4], [0, 2, 4, 15, 23], [0, 2, 3, 15, 20, 22], [], [], [], [], [], [], [], [], [], [], [0, 3, 4], [], [], [], [0], [0, 4], [], [4], [3, 1]]
[[2, 3, 4, 9, 15, 19, 20], [], [0, 3, 4], [0, 2, 4, 9, 15, 23], [0, 2, 3, 9, 15, 20, 22, 24], [], [], [], [], [0, 3, 4, 21, 22, 24], [], [], [], [], [], [0, 3, 4], [], [], [], [0], [0, 4], [9], [9, 4], [3], [4, 9]]
[[4, 8, 13, 15, 19, 20], [], [], [], [0, 13, 15, 20, 22, 24], [], [], [], [0, 25], [], [], [], [], [0, 4], [], [0, 4, 25], [], [], [], [0], [0, 4], [], [4], [], [4], [8, 15]]
[[], [], [], [26], [26], [19], [], [], [], [], [], [], [], [], [], [], [], [], [], [5], [], [], [], [], [], [], [3, 4]]
[[2, 3, 13], [27], [0, 3], [0, 2, 12, 23, 26], [], [], [], [], [], [], [], [], [3], [0], [], [], [], [], [], [], [], [], [], [3], [27], [], [3], [24, 1]]
[[28], [27, 2, 11], [1], [], [], [], [], [], [], [18, 11, 12, 22], [], [1, 9], [9], [], [28], [25], [], [], [9], [], [], [], [9], [], [], [15], [], [1], [14, 0]]
[[], [], [4], [], [9, 2], [29], [], [8, 18], [7], [4, 10, 11, 12, 18], [9], [9], [9], [], [], [], [29], [], [9, 7], [], [], [], [], [], [], [], [], [], [], [16, 5]]
[[], [27, 2, 3, 4], [1, 3, 4], [1, 2, 4, 8, 9, 15], [1, 2, 3, 9, 15], [30], [], [], [25, 3], [3, 4], [], [], [], [], [], [25, 3, 4], [], [], [], [], [], [], [], [], [30], [8, 15], [], [1], [], [], [24, 5]]
[[], [2, 3, 4, 10, 11, 27], [1, 3, 4, 31], [1, 2, 4, 9, 11, 15, 19], [1, 2, 3, 9, 15], [], [], [], [], [3, 4, 10, 11, 21], [1, 9], [1, 3, 9, 31], [], [], [], [3, 4], [], [], [], [3], [], [9], [], [], [], [], [], [1], [], [], [], [2, 11]]
[[32], [27, 2, 10], [1], [], [], [], [], [], [], [10], [1, 9], [], [], [], [], [], [], [], [], [], [], [], [], [], [], [], [], [1], [], [], [], [32], [31, 0]]
[[], [2, 27], [1], [33], [], [], [], [], [], [], [], [], [], [], [], [], [], [], [], [], [], [], [], [], [33], [], [], [1], [], [], [], [], [], [24, 3]]
[[34], [], [4], [], [2, 15], [], [], [], [], [], [34], [], [], [], [], [4], [], [], [], [], [], [], [], [], [], [], [], [], [], [], [], [], [], [], [10, 0]]
[[], [], [], [], [9], [], [], [], [], [4, 21], [], [35], [], [], [], [35], [], [], [], [], [], [9], [], [], [], [], [], [], [], [], [], [32], [31], [], [], [11, 15]]
[[], [4], [], [], [1, 9], [36], [], [], [], [4], [], [36], [], [], [], [], [], [], [], [], [], [], [], [], [], [], [], [], [], [], [], [32], [31], [], [], [], [5, 11]]
[[], [], [], [], [37], [37], [], [], [], [], [], [], [], [20], [], [], [], [], [], [], [13], [], [], [], [], [], [], [], [], [], [], [], [], [], [], [], [], [5, 4]]
[[], [], [], [8, 7], [], [], [], [8, 3], [3, 7], [], [], [], [], [], [], [], [], [], [], [37], [], [], [], [], [38], [], [], [], [], [], [38], [], [], [], [], [], [], [19], [24, 30]]
[[], [16, 3, 4], [], [1, 4, 7, 39], [1, 3, 39], [], [], [3], [], [], [], [], [], [], [], [], [1], [], [], [], [], [], [], [], [], [], [], [], [], [], [38], [], [], [], [], [], [], [], [30], [3, 4]]
[[], [11, 10, 3], [], [1, 7, 9, 11, 17], [], [40], [], [3], [], [11, 10, 3], [1, 9], [1, 3, 36, 9, 31], [], [], [], [], [], [3], [], [], [], [], [], [], [], [], [], [], [], [], [], [11], [], [], [], [40], [11], [], [], [], [35, 5]]
[[41], [], [], [33, 9], [], [], [41], [], [], [3], [], [], [], [], [], [], [], [], [], [], [], [], [], [], [], [], [], [], [], [], [], [], [], [3], [], [], [], [], [], [], [], [0, 6]]
[[42], [], [], [9, 11, 4, 17], [3, 37, 9, 13, 22, 42], [], [], [], [], [11, 3, 4, 22], [], [9, 3], [], [4], [], [], [], [3], [], [], [], [], [9, 4], [], [], [], [], [], [], [], [], [], [], [], [], [], [], [4], [], [], [], [], [4, 0]]
[[24], [11, 3, 4], [], [1, 4, 7, 39, 11, 17], [24, 1, 3, 39], [], [], [3], [], [], [], [1, 3], [], [], [], [], [], [3], [], [], [43], [], [], [], [0, 4, 38], [], [], [], [], [], [], [], [], [], [], [], [], [], [24], [3, 4], [], [43], [], [20, 41]]
[[], [10, 3], [], [8, 1, 39, 33], [], [], [44], [], [3], [], [1], [], [], [], [], [], [], [], [], [], [], [], [], [], [], [], [], [], [], [], [], [], [], [3], [], [], [], [44], [], [3], [], [], [], [], [6, 37]]
[[45], [16, 10, 3], [], [1, 17, 33], [], [], [], [], [45], [], [1], [], [], [], [], [], [1], [3], [], [], [43], [], [], [], [33], [], [], [], [], [], [], [], [], [24, 3], [], [], [], [], [], [], [], [], [], [20], [], [0, 8]]
[[], [16, 27, 3], [], [1, 17, 39], [46], [], [], [], [], [], [], [], [], [], [], [], [1], [3], [], [], [], [], [], [], [27], [], [], [24, 1], [], [], [], [], [], [], [46], [], [], [44], [], [3], [], [], [], [], [37], [], [34, 4]]
[[32, 4, 8, 42, 13, 20, 24, 28], [], [], [], [0, 37, 39, 42, 13, 46, 20, 24, 47], [47], [], [], [0], [], [], [], [], [0, 4, 20], [], [], [], [], [], [], [0, 4, 13], [], [], [], [0, 4], [], [], [], [0], [], [], [], [0], [], [], [], [], [4, 44], [], [4], [], [], [0, 4], [], [37], [], [4], [4, 5]]
[[4, 8, 9, 42, 17, 20, 28], [], [], [], [0, 37, 9, 42, 20, 22], [], [], [], [0], [0, 4, 10, 18, 22], [9], [], [], [], [], [], [], [0], [9], [48], [0, 43, 4], [], [9, 4], [], [], [], [], [], [0], [], [], [], [], [], [], [], [], [4, 44, 48], [], [], [], [], [0, 4], [20], [37], [], [], [], [19, 37]]
[[], [], [], [8, 33, 4, 9], [3, 37, 9, 42, 20, 24], [], [], [], [3, 49], [24, 3, 4, 49], [], [], [], [], [], [], [], [], [], [], [43, 4], [], [], [], [33, 4, 9], [], [], [], [], [], [], [], [], [24, 3], [], [], [], [4], [], [], [], [], [4], [20], [], [], [], [], [], [9, 8]]
[[32, 4, 8, 13, 45, 20, 28, 50], [], [], [], [0, 37, 13, 47, 20, 22], [], [], [], [0, 49, 45], [], [], [], [], [0, 4, 20], [], [], [], [], [], [], [0, 4, 13, 50], [], [4], [], [], [], [], [], [0], [], [], [], [0], [], [], [], [], [4], [], [], [], [], [], [], [], [0, 8], [], [4], [], [8], [20, 0]]
[[], [], [], [], [37, 9, 42, 13, 15, 47, 22], [37, 29, 30, 47], [], [], [], [10, 18, 4, 22], [9, 34], [], [], [4], [], [4], [], [], [9], [51], [], [], [9, 4], [], [], [], [], [], [], [5], [5], [32], [31], [], [10], [], [], [4, 5, 44], [], [], [], [51], [4], [], [37], [], [], [4, 5], [], [], [], [19, 41]]
[[32, 34, 3, 4, 8, 9, 42, 13, 15, 17, 50, 28], [], [], [0, 4, 39, 8, 9, 11, 15, 17], [0, 3, 39, 9, 42, 13, 15, 22], [], [], [], [0, 3], [0, 3, 4, 11, 21, 22], [], [9, 3, 31], [], [0, 4], [], [0, 3, 4], [], [0, 3], [], [], [], [9], [9, 4], [], [52], [], [], [], [0], [], [], [32, 11], [0, 31], [], [0], [], [], [52], [], [3, 4], [], [], [0, 4], [], [], [], [], [], [], [], [0], [], [37, 24]]
[[], [], [], [], [], [], [53], [], [], [], [], [], [], [], [], [35], [29], [], [], [], [], [], [], [], [], [], [], [], [], [16, 53], [], [], [], [43], [], [15], [], [], [], [], [], [], [], [33], [], [], [], [], [], [], [], [], [], [6, 29]]
[[], [49], [54], [17, 39, 15], [], [], [], [], [], [], [], [], [], [], [], [35, 3], [], [3], [], [], [], [], [], [], [27, 52, 54], [], [], [24], [], [], [], [], [], [], [], [40, 15], [], [], [], [3], [35], [], [], [], [], [], [], [], [], [1], [], [], [24], [], [24, 2]]
[[], [], [], [], [], [40, 36, 30], [], [], [], [], [34], [], [], [], [], [], [], [], [], [], [], [], [], [55], [], [], [], [], [], [], [5], [], [], [], [10, 46], [], [5], [], [], [], [5], [], [], [], [], [], [34], [55], [], [], [], [], [], [], [], [47, 23]]
[[], [], [], [], [], [], [], [8, 18], [49, 7], [49, 18, 11, 22, 56], [], [9, 36, 31], [], [], [], [], [], [], [9, 7], [], [], [], [9], [], [], [], [], [], [], [], [], [11], [], [], [], [], [11], [], [], [], [], [], [], [56], [], [], [], [], [], [8, 9], [], [], [], [], [], [], [43, 9]]
[[34, 9, 17, 50, 28, 57], [], [], [], [], [], [], [], [], [0, 11, 49, 22, 56], [], [9, 35, 31], [], [], [], [], [], [0], [], [], [], [], [9], [], [], [57], [], [], [0], [], [], [11], [], [], [0, 46], [11], [], [], [], [], [], [], [], [], [], [], [34], [55], [], [9], [0], [], [], [], [], [47], [9], [25, 0]]
[[4, 13, 17, 50, 57, 58], [], [], [], [0, 37, 39, 13, 47], [37, 29, 30, 47], [], [], [], [], [], [], [], [0, 4], [], [], [], [0, 58], [], [], [], [], [], [], [], [], [], [], [], [53, 5], [5], [], [], [], [], [], [], [48, 4, 5], [], [4], [], [], [], [], [], [], [], [4, 5], [37], [], [0], [], [], [29], [], [], [], [0], [17, 0]]
[[59], [], [], [8, 33, 4, 5], [3, 37, 13, 47, 22], [37, 3, 29, 47], [], [], [49, 3], [], [59], [], [], [4], [], [], [], [], [], [], [], [], [4], [], [], [], [], [], [], [5], [], [], [], [3], [], [], [], [48, 4, 5], [], [], [], [], [], [], [], [], [], [4, 5], [37], [8], [], [], [], [], [], [], [], [], [], [10, 0]]
[[3, 4, 8, 9, 17, 50, 57, 59, 60], [], [], [0, 33, 4, 5, 8, 9, 11, 17, 57], [0, 3, 37, 9, 47], [3, 36, 37, 47, 30], [], [], [0, 49, 3], [0, 3, 4, 11, 49], [], [9, 3, 36, 31], [], [], [], [], [], [0, 3], [], [], [], [60], [], [], [], [], [], [], [], [], [5], [11], [], [43, 3], [], [], [11, 5], [48, 4, 5], [], [], [], [], [], [33], [], [], [], [4, 5], [37], [8, 9], [0], [], [], [], [], [], [], [0, 3], [], [0], [21, 0]]
